   -84
   230
   598
  1069
  1632
  1860
  1550
  1080
   658
   279
    26
   -49
     5
    27
   -73
  -145
   -93
   -53
  -125
  -169
  -104
   -51
  -116
  -161
   -89
   -34
   -95
  -137
   -63
   -13
   -75
  -111
   -36
    22
   -36
   -72
     3
    55
    -4
   -41
    40
    94
    43
    10
    92
   156
   106
    81
   165
   232
   186
   160
   249
   316
   268
   233
   300
   335
   244
   167
   195
   198
    92
     3
    32
    42
   -54
  -125
   -81
   -52
  -133
  -186
  -128
   -84
  -161
  -206
  -137
   -90
  -156
  -200
  -131
   -84
  -151
  -195
  -129
   -83
  -149
  -191
  -126
   -79
  -145
  -191
  -125
   -80
  -150
  -195
  -132
   -88
  -154
  -197
  -131
   -86
  -153
  -198
  -135
   -90
  -155
  -199
  -132
   -89
  -156
  -202
  -140
   -94
  -160
  -204
  -138
   -92
  -157
  -200
  -133
   -88
  -155
  -197
  -132
   -85
  -154
  -198
  -133
   -89
  -154
  -195
  -128
   -79
  -146
  -188
  -121
   -74
  -143
  -185
  -120
   -73
  -143
  -184
  -116
   -72
  -138
  -182
  -115
   -70
  -135
  -176
  -109
   -63
  -128
  -169
   -94
   -42
   -94
  -126
   -57
   -23
   -93
  -113
   -41
     4
   -60
  -107
   -46
   -12
   -85
  -141
   -82
   -47
  -122
  -167
  -103
   -56
  -124
  -166
  -103
   -56
  -123
  -170
  -120
  -127
  -226
  -210
    52
   477
   917
  1409
  1849
  1794
  1368
   842
   414
   152
    21
   -37
     5
    13
   -84
  -146
   -92
   -51
  -122
  -166
   -99
   -51
  -115
  -154
   -84
   -36
   -96
  -133
   -59
    -6
   -63
  -100
   -27
    26
   -34
   -70
     6
    60
     3
   -30
    49
   105
    49
    17
    97
   159
   110
    86
   171
   234
   193
   174
   261
   328
   276
   242
   306
   338
   246
   165
   192
   194
    83
     2
    27
    37
   -60
  -129
   -83
   -52
  -131
  -185
  -122
   -77
  -148
  -195
  -127
   -81
  -148
  -187
  -122
   -76
  -143
  -185
  -122
   -77
  -141
  -184
  -115
   -67
  -131
  -177
  -118
   -74
  -142
  -189
  -126
   -82
  -147
  -193
  -126
   -86
  -154
  -196
  -131
   -90
  -158
  -202
  -138
   -92
  -158
  -202
  -135
   -93
  -158
  -203
  -136
   -93
  -160
  -205
  -138
   -93
  -160
  -203
  -133
   -88
  -153
  -200
  -135
   -90
  -158
  -201
  -134
   -89
  -155
  -195
  -128
   -81
  -146
  -193
  -126
   -81
  -147
  -190
  -120
   -78
  -146
  -185
  -119
   -75
  -145
  -186
  -116
   -72
  -137
  -181
  -116
   -72
  -139
  -181
  -115
   -68
  -142
  -184
  -114
   -62
  -119
  -159
   -80
   -28
   -91
  -144
   -79
   -15
   -78
  -121
   -51
    -9
   -85
  -139
   -79
   -46
  -120
  -173
  -116
   -74
  -141
  -183
  -116
   -69
  -136
  -177
  -111
   -69
  -158
  -257
  -210
   -81
    66
   427
  1020
  1605
  1852
  1665
  1338
   888
   327
    16
    38
    68
   -25
  -104
   -69
   -42
  -122
  -171
  -108
   -63
  -129
  -170
  -103
   -57
  -118
  -157
   -82
   -31
   -91
  -126
   -52
     0
   -59
   -98
   -21
    36
   -22
   -59
    18
    74
    17
   -16
    64
   125
    73
    47
   131
   195
   147
   123
   214
   278
   232
   211
   294
   352
   281
   226
   266
   276
   169
    86
   113
   115
    10
   -68
   -28
    -9
   -97
  -156
  -104
   -66
  -139
  -187
  -125
   -83
  -150
  -193
  -124
   -77
  -146
  -189
  -122
   -81
  -149
  -191
  -122
   -78
  -145
  -189
  -121
   -78
  -145
  -189
  -128
   -83
  -153
  -195
  -127
   -84
  -156
  -202
  -136
   -93
  -162
  -206
  -139
   -99
  -168
  -210
  -142
   -99
  -166
  -210
  -144
  -101
  -169
  -209
  -139
   -97
  -168
  -207
  -138
   -91
  -158
  -202
  -132
   -90
  -160
  -204
  -136
   -94
  -161
  -205
  -124
   -82
  -149
  -188
  -127
   -83
  -152
  -193
  -125
   -79
  -144
  -191
  -120
   -79
  -145
  -187
  -121
   -74
  -143
  -183
  -114
   -65
  -129
  -164
   -91
   -33
   -93
  -136
   -79
   -21
   -63
  -109
   -38
     3
   -67
  -120
   -59
   -28
  -108
  -158
   -97
   -58
  -127
  -171
  -106
   -61
  -127
  -169
   -99
   -54
  -132
  -219
  -207
  -142
   -79
   182
   717
  1280
  1683
  1731
  1514
  1119
   556
   119
    44
    69
   -16
   -83
   -45
   -21
  -103
  -156
   -91
   -51
  -117
  -157
   -83
   -34
  -103
  -141
   -68
   -13
   -78
  -114
   -37
    14
   -48
   -84
    -8
    47
   -13
   -42
    31
    83
    19
   -10
    77
   134
    83
    55
   143
   205
   157
   133
   224
   292
   245
   220
   305
   364
   300
   248
   297
   310
   201
   117
   143
   145
    35
   -43
    -8
    13
   -77
  -140
   -84
   -50
  -127
  -175
  -110
   -66
  -135
  -179
  -112
   -63
  -132
  -174
  -107
   -59
  -129
  -171
  -102
   -59
  -130
  -176
  -108
   -66
  -135
  -179
  -110
   -70
  -138
  -182
  -113
   -68
  -140
  -185
  -119
   -74
  -145
  -191
  -123
   -80
  -150
  -199
  -127
   -73
  -144
  -187
  -120
   -75
  -142
  -185
  -116
   -69
  -139
  -182
  -116
   -70
  -135
  -180
  -114
   -66
  -135
  -181
  -115
   -72
  -140
  -179
  -109
   -63
  -130
  -176
  -103
   -49
  -112
  -147
   -67
   -15
   -89
  -140
   -54
     9
   -64
  -106
   -40
     2
   -81
  -132
   -74
   -36
  -109
  -160
   -96
   -49
  -114
  -156
   -88
   -41
  -112
  -160
   -98
   -57
  -159
  -251
  -162
    15
   245
   659
  1250
  1779
  1808
  1482
  1099
   649
   179
    -6
    41
    70
   -27
  -106
   -62
   -29
  -104
  -150
   -82
   -35
   -99
  -139
   -70
   -18
   -80
  -117
   -43
     8
   -53
   -92
   -19
    39
   -23
   -59
    16
    71
    16
   -18
    62
   120
    63
    36
   117
   182
   132
   106
   191
   257
   212
   188
   280
   349
   299
   269
   342
   385
   302
   228
   259
   261
   150
    63
    86
    94
    -9
   -84
   -42
   -15
  -103
  -158
   -99
   -59
  -129
  -174
  -111
   -68
  -134
  -175
  -109
   -61
  -130
  -175
  -109
   -65
  -127
  -171
  -104
   -59
  -127
  -168
  -104
   -60
  -129
  -174
  -111
   -68
  -134
  -177
  -112
   -71
  -141
  -184
  -118
   -75
  -144
  -191
  -123
   -78
  -145
  -192
  -126
   -82
  -149
  -197
  -146
   -99
  -159
  -202
  -132
   -85
  -151
  -193
  -129
   -86
  -151
  -195
  -129
   -83
  -150
  -193
  -129
   -81
  -148
  -192
  -125
   -81
  -146
  -189
  -123
   -80
  -146
  -188
  -123
   -77
  -142
  -184
  -114
   -59
  -118
  -149
   -72
   -23
  -101
  -148
   -63
    -8
   -74
  -114
   -49
    -9
   -88
  -139
   -85
   -50
  -123
  -178
  -115
   -72
  -140
  -183
  -116
   -70
  -136
  -179
  -116
   -81
  -192
  -279
  -163
    46
   326
   786
  1396
  1890
  1811
  1443
  1027
   553
   120
   -15
    34
    62
   -39
  -114
   -70
   -38
  -114
  -162
   -95
   -48
  -111
  -151
   -83
   -32
   -94
  -133
   -63
   -10
   -69
  -102
   -29
    26
   -32
   -68
     4
    60
     3
   -32
    44
   102
    47
    18
    95
   154
   105
    76
   163
   230
   187
   165
   254
   321
   276
   246
   322
   368
   289
   220
   251
   256
   148
    58
    78
    81
   -22
   -98
   -57
   -29
  -113
  -169
  -113
   -73
  -144
  -191
  -123
   -79
  -145
  -190
  -124
   -80
  -145
  -190
  -123
   -78
  -142
  -184
  -120
   -75
  -142
  -189
  -124
   -78
  -147
  -192
  -132
   -89
  -158
  -205
  -141
   -96
  -161
  -209
  -144
   -99
  -165
  -208
  -143
   -97
  -166
  -213
  -149
  -103
  -169
  -213
  -145
   -98
  -163
  -210
  -147
  -101
  -167
  -210
  -145
  -100
  -168
  -211
  -145
  -100
  -166
  -211
  -146
   -98
  -163
  -207
  -143
   -96
  -161
  -204
  -140
   -95
  -162
  -203
  -134
   -91
  -157
  -202
  -134
   -87
  -152
  -197
  -131
   -86
  -151
  -196
  -129
   -79
  -139
  -175
  -101
   -44
  -101
  -146
   -91
   -39
   -81
  -124
   -60
   -16
   -78
  -129
   -76
   -39
  -113
  -164
  -108
   -69
  -136
  -183
  -117
   -71
  -135
  -180
  -116
   -69
  -135
  -205
  -197
  -160
  -138
    52
   538
  1110
  1565
  1781
  1655
  1300
   745
   235
    59
    63
   -15
   -79
   -48
   -29
  -114
  -171
  -107
   -62
  -130
  -172
  -102
   -50
  -112
  -153
   -79
   -29
   -86
  -121
   -51
     2
   -57
   -97
   -22
    31
   -30
   -64
    11
    68
    13
   -23
    57
   116
    65
    32
   116
   180
   133
   107
   192
   261
   215
   191
   281
   346
   288
   239
   293
   313
   210
   125
   149
   156
    48
   -36
    -6
    10
   -83
  -149
   -97
   -60
  -133
  -184
  -126
   -83
  -154
  -191
  -126
   -73
  -147
  -186
  -123
   -73
  -143
  -187
  -121
   -75
  -142
  -188
  -123
   -77
  -144
  -192
  -127
   -82
  -152
  -197
  -132
   -86
  -156
  -203
  -139
   -92
  -160
  -203
  -138
   -90
  -158
  -205
  -137
   -90
  -157
  -202
  -135
   -91
  -157
  -203
  -136
   -89
  -159
  -204
  -137
   -86
  -152
  -197
  -129
   -82
  -149
  -195
  -127
   -81
  -146
  -193
  -125
   -76
  -142
  -192
  -122
   -75
  -143
  -186
  -121
   -74
  -142
  -184
  -115
   -67
  -133
  -180
  -112
   -65
  -134
  -177
  -103
   -48
  -112
  -145
   -68
   -19
   -97
  -138
   -49
    -3
   -67
  -112
   -45
    -7
   -85
  -139
   -86
   -47
  -123
  -174
  -109
   -65
  -130
  -179
  -112
   -66
  -130
  -175
  -112
   -91
  -217
  -273
  -114
   167
   516
   986
  1578
  1879
  1625
  1177
   751
   336
    35
   -49
     5
    25
   -74
  -144
   -97
   -61
  -129
  -177
  -111
   -59
  -124
  -168
   -96
   -41
  -105
  -147
   -71
   -21
   -79
  -114
   -39
    15
   -47
   -84
   -10
    45
   -14
   -50
    29
    85
    34
     1
    78
   139
    95
    70
   155
   218
   169
   145
   229
   302
   258
   231
   305
   343
   260
   186
   219
   228
   121
    29
    51
    60
   -41
  -116
   -70
   -47
  -128
  -187
  -128
   -84
  -151
  -198
  -136
   -92
  -158
  -200
  -133
   -85
  -150
  -196
  -131
   -87
  -152
  -196
  -132
   -85
  -164
  -213
  -138
   -92
  -159
  -203
  -139
   -95
  -166
  -213
  -150
  -104
  -167
  -214
  -151
  -104
  -171
  -216
  -148
  -103
  -169
  -215
  -148
  -106
  -173
  -216
  -150
  -106
  -170
  -215
  -147
  -101
  -165
  -212
  -145
  -100
  -164
  -208
  -143
   -97
  -162
  -206
  -139
   -92
  -158
  -202
  -136
   -92
  -158
  -199
  -133
   -85
  -151
  -194
  -130
   -86
  -150
  -194
  -129
   -84
  -151
  -192
  -128
   -79
  -144
  -186
  -118
   -73
  -138
  -182
  -112
   -60
  -121
  -154
   -76
   -25
  -102
  -149
   -64
   -14
   -78
  -118
   -54
   -16
   -93
  -145
   -91
   -54
  -127
  -178
  -116
   -70
  -136
  -180
  -114
   -67
  -134
  -179
  -114
   -89
  -211
  -277
  -133
   123
   460
   947
  1555
  1933
  1732
  1300
   870
   412
    68
   -25
    24
    45
   -58
  -132
   -90
   -54
  -124
  -173
  -107
   -61
  -123
  -164
   -94
   -45
  -107
  -146
   -76
   -25
   -82
  -117
   -44
    11
   -46
   -85
   -11
    44
   -12
   -48
    28
    84
    30
    -3
    75
   133
    81
    49
   133
   199
   157
   135
   218
   290
   243
   216
   293
   343
   264
   199
   231
   236
   127
    39
    63
    68
   -36
  -113
   -75
   -52
  -135
  -189
  -133
   -94
  -163
  -211
  -147
  -103
  -167
  -211
  -148
   -99
  -167
  -210
  -142
   -96
  -164
  -207
  -138
   -93
  -158
  -202
  -138
   -92
  -158
  -205
  -144
   -98
  -165
  -213
  -150
  -104
  -167
  -215
  -151
  -103
  -170
  -215
  -153
  -108
  -173
  -217
  -152
  -108
  -175
  -217
  -151
  -106
  -173
  -214
  -150
  -106
  -172
  -216
  -149
  -103
  -168
  -210
  -142
  -100
  -164
  -209
  -142
   -94
  -164
  -207
  -138
   -91
  -156
  -202
  -136
   -90
  -154
  -197
  -131
   -84
  -150
  -193
  -127
   -84
  -147
  -189
  -122
   -76
  -130
  -168
   -96
   -40
  -101
  -151
   -93
   -27
   -80
  -128
   -58
   -15
   -83
  -140
   -83
   -47
  -121
  -171
  -114
   -70
  -133
  -176
  -111
   -67
  -131
  -173
  -110
   -66
  -151
  -244
  -213
  -105
    13
   348
   927
  1509
  1819
  1678
  1387
   953
   399
    39
    28
    61
   -21
   -95
   -60
   -38
  -118
  -168
  -106
   -62
  -123
  -162
   -96
   -47
  -107
  -145
   -73
   -22
   -83
  -115
   -42
    11
   -47
   -85
   -12
    40
   -19
   -53
    21
    78
    25
    -8
    71
   129
    81
    54
   136
   199
   153
   130
   218
   286
   241
   218
   302
   359
   297
   246
   287
   305
   199
   108
   130
   131
    27
   -52
   -21
    -7
   -87
  -150
   -92
   -55
  -132
  -179
  -116
   -71
  -140
  -185
  -118
   -72
  -141
  -182
  -112
   -69
  -131
  -173
  -109
   -65
  -133
  -181
  -116
   -70
  -140
  -180
  -118
   -71
  -143
  -188
  -120
   -79
  -143
  -190
  -124
   -77
  -147
  -192
  -127
   -79
  -145
  -191
  -123
   -76
  -146
     0
  -126
   -79
  -145
  -186
  -118
   -73
  -141
  -186
  -119
   -72
  -138
  -178
  -114
   -70
  -136
  -181
  -115
   -70
  -138
  -182
  -116
   -70
  -136
  -169
   -93
   -40
   -99
  -132
   -64
   -29
   -94
  -118
   -44
     3
   -66
  -114
   -52
   -18
   -92
  -147
   -91
   -52
  -128
  -176
  -111
   -63
  -132
  -171
  -104
   -58
  -124
  -169
  -129
  -141
  -227
  -194
    87
   539
   988
  1455
  1828
  1718
  1266
   733
   340
   119
    -8
   -66
   -13
     3
   -89
  -152
   -95
   -54
  -127
  -174
  -105
   -58
  -127
  -164
   -90
   -38
  -101
  -137
   -64
   -13
   -74
  -111
   -36
    18
   -39
   -74
     1
    55
    -4
   -37
    40
    97
    45
    14
    96
   156
   107
    85
   172
   230
   178
   178
   257
   315
   263
   230
   289
   316
   224
   138
   164
   172
    64
   -25
     8
    21
   -76
  -141
   -92
   -61
  -136
  -181
  -120
   -79
  -145
  -189
  -126
   -79
  -147
  -189
  -122
   -75
  -143
  -186
  -122
   -78
  -145
  -190
  -125
   -81
  -153
  -200
  -134
   -90
  -157
  -201
  -139
   -94
  -161
  -208
  -145
  -101
  -168
  -212
  -145
  -100
  -167
  -210
  -145
  -104
  -168
  -214
  -148
  -102
  -168
  -215
  -146
  -101
  -168
  -210
  -144
   -98
  -168
  -209
  -141
   -98
  -164
  -207
  -137
   -92
  -152
  -185
  -113
   -55
  -113
  -157
  -105
   -59
  -102
  -144
   -75
   -30
   -98
  -150
   -96
   -58
  -135
  -184
  -130
   -91
  -161
  -205
  -136
   -90
  -154
  -199
  -133
   -89
  -157
  -216
  -203
  -182
  -173
   -17
   438
  1003
  1478
  1783
  1732
  1399
   843
   304
    79
    67
   -16
   -81
   -50
   -33
  -117
  -185
  -133
   -83
  -147
  -186
  -115
   -64
  -124
  -164
   -92
   -41
  -101
  -140
   -68
   -14
   -68
  -106
   -32
    25
   -32
   -65
    12
    69
    11
   -22
    54
   112
    58
    26
   112
   178
   132
   107
   192
   262
   218
   196
   285
   342
   280
   228
   271
   287
   184
    99
   120
   122
    11
   -70
   -39
   -22
  -109
  -173
  -121
   -86
  -154
  -202
  -139
   -92
  -163
  -208
  -144
   -97
  -160
  -202
  -136
   -89
  -153
  -199
  -132
   -86
  -152
  -194
  -131
   -85
  -150
  -196
  -129
   -86
  -153
  -197
  -135
   -88
  -155
  -201
  -136
   -91
  -158
  -203
  -141
   -93
  -160
  -205
  -139
   -93
  -159
  -205
  -141
   -94
  -163
  -206
  -142
   -94
  -160
  -203
  -139
   -90
  -155
  -202
  -136
   -87
  -151
  -195
  -128
   -79
  -143
  -190
  -123
   -79
  -144
  -193
  -129
   -81
  -148
  -193
  -126
   -80
  -145
  -189
  -121
   -65
  -124
  -160
   -82
   -29
  -105
  -160
   -81
   -21
   -89
  -130
   -68
   -25
  -102
  -155
  -100
   -63
  -136
  -189
  -130
   -81
  -146
  -191
  -125
   -80
  -147
  -193
  -129
   -91
  -196
  -296
  -201
   -16
   235
   679
  1297
  1836
  1838
  1508
  1103
   626
   147
   -28
    18
    46
   -58
  -139
   -99
   -66
  -140
  -191
  -125
   -77
  -141
  -184
  -116
   -65
  -127
  -170
   -98
   -45
  -103
  -137
   -64
    -7
   -62
   -98
   -23
    34
   -21
   -58
    18
    75
    18
   -14
    62
   123
    71
    43
   129
   195
   150
   126
   214
   284
   239
   214
   294
   346
   273
   205
   240
   246
   137
    46
    71
    76
   -30
  -107
   -69
   -44
  -127
  -185
  -127
   -90
  -161
  -208
  -143
   -95
  -162
  -208
  -143
   -94
  -162
  -206
  -139
   -92
  -159
  -203
  -136
   -88
  -155
  -202
  -135
   -90
  -157
  -202
  -135
   -87
  -159
  -205
  -141
   -97
  -164
  -211
  -146
  -100
  -170
  -215
  -150
  -103
  -173
  -219
  -155
  -106
  -175
  -221
  -152
  -108
  -174
  -218
  -154
  -105
  -175
  -222
  -156
  -107
  -173
  -218
  -151
  -105
  -172
  -217
  -147
   -99
  -165
  -210
  -144
   -95
  -161
  -208
  -136
   -88
  -158
  -202
  -135
   -83
  -141
  -185
  -108
   -47
  -109
  -164
   -99
   -28
   -88
  -136
   -69
   -26
   -95
  -154
   -95
   -58
  -135
  -189
  -129
   -83
  -148
  -192
  -122
   -70
  -144
  -193
  -124
   -75
  -161
  -259
  -226
  -117
    -4
   325
   902
  1478
  1792
  1650
  1363
   933
   379
    19
    11
    49
   -39
  -118
   -84
   -53
  -135
  -188
  -123
   -77
  -142
  -189
  -116
   -61
  -125
  -164
   -92
   -38
   -99
  -138
   -62
    -6
   -67
  -105
   -28
    26
   -36
   -75
     7
    60
     5
   -32
    51
   113
    59
    29
   115
   182
   135
   111
   202
   274
   225
   198
   284
   344
   276
   214
   256
   267
   159
    69
    96
   104
    -1
   -83
   -45
   -24
  -110
  -172
  -114
   -75
  -151
  -205
  -140
   -92
  -160
  -208
  -140
   -90
  -155
  -200
  -129
   -84
  -154
  -198
  -132
   -86
  -155
  -203
  -134
   -87
  -157
  -207
  -138
   -92
  -164
  -212
  -142
   -96
  -169
  -219
  -151
  -100
  -176
  -223
  -154
  -106
  -173
  -223
  -155
  -105
  -174
  -221
  -152
  -103
  -176
  -224
  -156
  -105
  -173
  -223
  -153
  -103
  -170
  -219
  -150
  -102
  -172
  -217
  -146
   -97
  -166
  -215
  -144
   -97
  -165
  -212
  -141
   -92
  -158
  -195
  -119
   -59
  -121
  -160
   -96
   -58
  -112
  -143
   -75
   -23
   -92
  -140
   -82
   -41
  -121
  -177
  -118
   -77
  -151
  -201
  -132
   -84
  -148
  -195
  -127
   -76
  -147
  -200
  -166
  -173
  -228
  -156
   198
   701
  1168
  1621
  1821
  1601
  1082
   541
   185
    72
   -23
   -83
   -37
   -20
  -117
  -180
  -117
   -76
  -145
  -189
  -118
   -65
  -127
  -170
   -97
   -42
  -104
  -146
   -72
   -17
   -79
  -118
   -41
    16
   -47
   -85
    -8
    49
   -11
   -49
    34
    95
    40
     9
    91
   158
   104
    78
   166
   238
   191
   165
   249
   320
   263
   216
   275
   298
   197
   114
   143
   146
    33
   -53
   -19
    -3
   -96
  -168
  -115
   -76
  -155
  -211
  -147
   -99
  -170
  -217
  -145
   -97
  -165
  -213
  -142
   -93
  -160
  -207
  -147
  -103
  -169
  -218
  -144
   -92
  -161
  -210
  -144
   -96
  -165
  -215
  -148
  -104
  -174
  -223
  -157
  -112
  -184
  -232
  -162
  -117
  -186
  -233
  -165
  -114
  -183
  -233
  -167
  -116
  -185
  -235
  -168
  -117
  -184
  -232
  -161
  -113
  -183
  -230
  -161
  -112
  -181
  -228
  -160
  -110
  -177
  -224
  -156
  -107
  -175
  -226
  -157
  -106
  -174
  -223
  -155
  -103
  -173
  -223
  -153
   -93
  -152
  -193
  -115
   -59
  -129
  -188
  -114
   -43
  -112
  -156
   -86
   -39
  -120
  -175
  -113
   -73
  -147
  -205
  -144
   -96
  -166
  -213
  -146
   -98
  -167
  -214
  -143
   -97
  -192
  -295
  -231
   -81
   101
   492
  1107
  1692
  1850
  1595
  1231
   774
   233
   -25
    12
    47
   -51
  -130
   -88
   -56
  -138
  -195
  -128
   -80
  -145
  -191
  -117
   -63
  -129
  -172
   -98
   -40
  -101
  -141
   -63
    -5
   -64
  -106
   -30
    27
   -32
   -73
     2
    67
     7
   -29
    52
   120
    66
    32
   120
   187
   142
   114
   205
   279
   229
   201
   284
   343
   270
   207
   243
   256
   147
    58
    85
    94
   -14
   -96
   -55
   -29
  -116
  -180
  -120
   -78
  -150
  -203
  -134
   -84
  -154
  -202
  -132
   -83
  -148
  -191
  -123
   -73
  -138
  -190
  -123
   -73
  -139
  -190
  -124
   -75
  -145
  -194
  -130
   -79
  -152
  -204
  -137
   -88
  -159
  -211
  -140
   -92
  -161
  -210
  -142
   -93
  -164
  -213
  -148
   -97
  -163
  -210
  -141
   -92
  -161
  -211
  -144
   -90
  -156
  -204
  -138
   -89
  -155
  -205
  -136
   -87
  -157
  -202
  -138
   -85
  -154
  -201
  -132
   -82
  -150
  -201
  -131
   -84
  -151
  -198
  -127
   -80
  -146
  -194
  -126
   -74
  -144
  -186
  -109
   -53
  -112
  -157
   -87
   -45
  -107
  -133
   -66
   -13
   -81
  -131
   -72
   -30
  -107
  -164
  -105
   -65
  -141
  -193
  -125
   -76
  -144
  -192
  -122
   -68
  -139
  -189
  -152
  -160
  -229
  -177
   148
   640
  1105
  1570
  1837
  1660
  1169
   630
   257
    98
    -6
   -70
   -24
    -5
   -97
  -162
  -105
   -60
  -132
  -183
  -118
   -61
  -125
  -170
   -95
   -37
   -97
  -141
   -68
   -10
   -74
  -117
   -41
    21
   -41
   -84
    -5
    57
    -5
   -37
    39
   104
    47
    13
    98
   165
   113
    82
   169
   241
   196
   169
   262
   331
   275
   231
   292
   327
   231
   148
   173
   182
    73
   -14
    17
    37
   -61
  -132
   -85
   -48
  -128
  -183
  -123
   -75
  -145
  -195
  -124
   -74
  -141
  -194
  -122
   -71
  -139
  -188
  -119
   -67
  -138
  -187
  -123
   -69
  -139
  -190
  -122
   -72
  -141
  -193
  -128
   -81
  -147
  -197
  -130
   -81
  -149
  -202
  -136
   -81
  -151
  -203
  -138
   -88
  -156
  -207
  -140
   -94
  -160
  -209
  -138
   -86
  -155
  -208
  -141
   -85
  -153
  -205
  -139
   -88
  -160
  -211
  -139
   -89
  -158
  -206
  -139
   -85
  -154
  -207
  -139
   -86
  -155
  -204
  -135
   -85
  -152
  -202
  -130
   -69
  -132
  -176
   -99
   -36
  -103
  -163
   -90
   -14
   -80
  -133
   -64
   -12
   -88
  -146
   -88
   -47
  -125
  -184
  -125
   -73
  -138
  -192
  -123
   -71
  -136
  -188
  -121
   -68
  -163
  -270
  -209
   -70
    99
   464
  1047
  1602
  1782
  1535
  1197
   761
   259
   -17
     7
    46
   -36
  -117
   -76
   -39
  -116
  -168
  -105
   -53
  -117
  -164
   -94
   -36
  -102
  -149
   -75
   -15
   -75
  -117
   -42
    18
   -42
   -84
   -10
    52
    -7
   -48
    25
    88
    32
    -7
    75
   141
    90
    57
   142
   214
   167
   138
   225
   301
   256
   223
   304
   361
   290
   220
   255
   263
   156
    83
   115
   118
     8
   -73
   -35
    -7
   -87
  -155
  -101
   -54
  -130
  -185
  -118
   -65
  -132
  -181
  -113
   -61
  -127
  -179
  -114
   -61
  -122
  -173
  -111
   -59
  -130
  -181
  -117
   -66
  -136
  -188
  -125
   -73
  -142
  -191
  -125
   -73
  -140
  -193
  -128
   -76
  -142
  -193
  -126
   -72
  -137
  -195
  -128
   -74
  -141
  -193
  -129
   -73
  -140
  -189
  -121
   -71
  -137
  -191
  -125
   -73
  -135
  -187
  -123
   -69
  -134
  -186
  -120
   -66
  -133
  -183
  -118
   -66
  -131
  -185
  -121
   -66
  -132
  -184
  -121
   -66
  -129
  -182
  -114
   -60
  -124
  -176
  -109
   -51
  -106
  -153
   -78
   -18
   -86
  -147
   -78
    -1
   -63
  -115
   -47
     5
   -69
  -130
   -73
   -31
  -105
  -163
  -103
   -51
  -115
  -168
  -102
   -51
  -115
  -166
  -100
   -51
  -140
  -243
  -184
   -36
   141
   513
  1106
  1680
  1853
  1602
  1247
   807
   285
    17
    50
    86
    -9
   -94
   -57
   -21
   -95
  -154
   -91
   -38
   -99
  -148
   -85
   -27
   -84
  -130
   -59
     1
   -57
  -104
   -30
    29
   -26
   -71
     6
    64
     8
   -34
    41
   104
    52
    14
    89
   155
   107
    71
   153
   226
   181
   134
   210
   292
   253
   224
   305
   368
   301
   232
   268
   285
   180
    89
   109
   121
    17
   -66
   -33
    -5
   -87
  -153
   -99
   -56
  -127
  -181
  -119
   -67
  -128
  -179
  -115
   -62
  -122
  -175
  -111
   -59
  -122
  -175
  -114
   -60
  -122
  -174
  -111
   -57
  -125
  -179
  -117
   -65
  -130
  -184
  -122
   -72
  -136
  -191
  -129
   -77
  -142
  -195
  -130
   -79
  -145
  -197
  -135
   -79
  -142
  -192
  -128
   -75
  -136
  -187
  -125
   -71
  -134
  -186
  -123
   -68
  -131
  -183
  -122
   -69
  -132
  -185
  -124
   -67
  -127
  -181
  -119
   -67
  -126
  -176
  -114
   -64
  -126
  -177
  -118
   -63
  -124
  -175
  -112
   -59
  -122
  -175
  -113
   -62
  -125
  -174
  -114
   -61
  -124
  -175
  -113
   -60
  -122
  -177
  -116
   -61
  -120
  -163
   -94
   -30
   -85
  -127
   -71
   -29
   -76
  -110
   -50
     7
   -54
  -110
   -62
   -16
   -88
  -149
   -96
   -50
  -117
  -171
  -110
   -57
  -118
  -167
  -106
   -52
  -115
  -177
  -158
  -152
  -178
   -76
   315
   859
  1347
  1765
  1847
  1596
  1059
   487
   162
   108
    31
   -39
   -14
     8
   -78
  -146
   -93
   -44
  -109
  -160
   -96
   -41
   -99
  -146
   -80
   -20
   -76
  -121
   -55
     5
   -48
   -94
   -26
    37
   -17
   -58
    11
    76
    21
   -25
    47
   113
    66
    28
   103
   175
   133
    98
   178
   255
   215
   190
   273
   345
   297
   252
   307
   345
   256
   168
   189
   199
    94
     3
    26
    47
   -44
  -123
   -80
   -43
  -114
  -176
  -120
   -69
  -132
  -185
  -124
   -70
  -132
  -184
  -124
   -69
  -131
  -182
  -120
   -67
  -130
  -182
  -122
   -67
  -130
  -185
  -126
   -75
  -134
  -188
  -128
   -76
  -141
  -194
  -132
   -79
  -145
  -197
  -139
   -89
  -150
  -204
  -145
   -92
  -156
  -210
  -148
   -92
  -150
  -204
  -144
   -89
  -151
  -204
  -142
   -88
  -150
  -203
  -141
   -81
  -143
  -196
  -137
   -81
  -145
  -197
  -133
   -78
  -141
  -196
  -137
   -84
  -146
  -202
  -140
   -83
  -143
  -199
  -138
   -84
  -141
  -194
  -131
   -77
  -140
  -191
  -129
   -71
  -124
  -165
  -102
   -36
   -93
  -143
   -92
   -41
   -80
  -127
   -68
    -9
   -74
  -130
   -79
   -32
  -107
  -172
  -117
   -72
  -135
  -191
  -129
   -71
  -135
  -183
  -119
   -63
  -126
  -201
  -198
  -172
  -168
   -22
   428
   997
  1454
  1736
  1671
  1355
   810
   290
    64
    51
   -19
   -88
   -53
   -26
  -105
  -173
  -120
   -72
  -131
  -184
  -121
   -61
  -117
  -166
   -98
   -36
   -90
  -138
   -70
    -5
   -57
  -103
   -37
    27
   -27
   -70
    -1
    61
    13
   -32
    40
   108
    60
    18
    94
   164
   122
    89
   168
   249
   211
   175
   259
   332
   284
   229
   279
   314
   220
   127
   144
   156
    52
   -41
   -15
    10
   -76
  -150
  -108
   -64
  -134
  -194
  -139
   -84
  -147
  -205
  -144
   -90
  -148
  -203
  -140
   -81
  -141
  -194
  -133
   -76
  -136
  -191
  -136
   -82
  -144
  -200
  -139
   -84
  -143
  -197
  -137
   -82
  -146
  -203
  -147
   -94
  -157
  -211
  -148
   -92
  -151
  -207
  -148
   -90
  -151
  -207
  -148
   -93
  -154
  -208
  -147
   -94
  -152
  -204
  -143
   -90
  -152
  -206
  -147
   -90
  -154
  -207
  -145
   -88
  -146
  -199
  -141
   -86
  -147
  -201
  -145
   -88
  -148
  -203
  -140
   -79
  -130
  -179
  -109
   -42
   -94
  -156
  -107
   -36
   -79
  -133
   -71
   -18
   -78
  -144
   -89
   -45
  -116
  -182
  -130
   -79
  -138
  -193
  -136
   -77
  -138
  -189
  -129
   -77
  -145
  -240
  -228
  -144
   -64
   192
   719
  1303
  1716
  1722
  1485
  1088
   533
    88
    14
    43
   -19
   -94
   -78
   -47
  -116
  -181
  -129
   -70
  -129
  -187
  -121
   -61
  -119
  -168
   -96
   -35
   -88
  -133
   -71
   -10
   -59
  -106
   -39
    26
   -24
   -71
     0
    69
    23
   -17
    53
   124
    75
    31
   106
   179
   143
   108
   185
   266
   232
   202
   281
   348
   289
   221
   258
   283
   184
    88
   107
   122
    24
   -70
   -45
   -13
   -94
  -169
  -125
   -78
  -140
  -200
  -143
   -86
  -145
  -200
  -143
   -85
  -144
  -197
  -138
   -80
  -139
  -196
  -137
   -77
  -135
  -191
  -133
   -76
  -138
  -197
  -143
   -83
  -145
  -203
  -147
   -92
  -151
  -208
  -150
   -93
  -153
  -212
  -156
  -101
  -161
  -218
  -160
  -104
  -163
  -221
  -162
  -104
  -161
  -218
  -158
  -103
  -162
  -217
  -163
  -102
  -160
  -215
  -155
   -96
  -155
  -213
  -157
   -99
  -158
  -215
  -156
   -96
  -164
  -220
  -158
  -100
  -155
  -210
  -148
   -82
  -129
  -177
  -110
   -44
  -109
  -174
  -104
   -31
   -90
  -142
   -87
   -33
  -102
  -166
  -117
   -69
  -134
  -197
  -144
   -86
  -144
  -200
  -140
   -81
  -136
  -193
  -135
   -87
  -185
  -287
  -196
    10
   275
   701
  1301
  1833
  1816
  1458
  1044
   590
   146
   -30
    10
    48
   -41
  -131
   -97
   -54
  -118
  -180
  -120
   -63
  -113
  -167
  -106
   -47
  -100
  -149
   -87
   -19
   -70
  -121
   -58
     7
   -40
   -87
   -24
    41
    -6
   -53
    14
    82
    37
   -10
    58
   132
    92
    52
   128
   205
   173
   137
   214
   296
   262
   226
   295
   356
   293
   211
   234
   248
   150
    48
    60
    77
   -16
  -104
   -77
   -38
  -110
  -179
  -134
   -81
  -140
  -202
  -148
   -91
  -145
  -201
  -147
   -86
  -140
  -195
  -139
   -80
  -137
  -196
  -140
   -84
  -136
  -192
  -139
   -82
  -136
  -198
  -146
   -90
  -142
  -204
